%% Inputs

t2Dox = [0	25	50	75	100	125	150	150.1	175	200	225	250	275	300	325	349.9	350	375	399.9	400	425	450	475	499.9	500	525	549.9	550	575	600	625	649.9	650	675	699.9	700	725	750	775	799.9	800	825	849.9	850	875	900	925	949.9	950	975	999.9	1000	1025	1050	1075	1099.9	1100	1125	1149.9	1150	1175	1200	1225	1249.9	1250	1275	1299.9	1300	1325	1350	1375	1399.9	1400	1425	1449.9	1450	1475	1500	1525	1549.9];
DOX2 = [1	1	1	1	1	1	1	0	0	0	0	0	0	0	0	0	1	1	1	0	0	0	0	0	1	1	1	0	0	0	0	0	1	1	1	0	0	0	0	0	1	1	1	0	0	0	0	0	1	1	1	0	0	0	0	0	1	1	1	0	0	0	0	0	1	1	1	0	0	0	0	0	1	1	1	0	0	0	0	0];

t3Dox = [0	25	50	75	100	125	150	150.1	175	200	225	249.9	250	275	299.9	300	325	350	375	400	425	449.9	450	475	499.9	500	525	550	575	600	625	649.9	650	675	699.9	700	725	750	775	800	825	849.9	850	875	899.9	900	925	950	975	1000	1025	1049.9	1050	1075	1099.9	1100	1125	1150	1175	1200	1225	1249.9	1250	1275	1299.9	1300	1325	1350	1375	1400	1425	1449.9	1450	1475	1499.9	1500	1525	1550	1575	1600];
DOX3 = [1	1	1	1	1	1	1	0	0	0	0	0	1	1	1	0	0	0	0	0	0	0	1	1	1	0	0	0	0	0	0	0	1	1	1	0	0	0	0	0	0	0	1	1	1	0	0	0	0	0	0	0	1	1	1	0	0	0	0	0	0	0	1	1	1	0	0	0	0	0	0	0	1	1	1	0	0	0	0	0];

t1Dox = [0	25	50	75	100	125	125.1	150	175	200	225	250	275	299.9	300	325	349.9	350	375	400	425	450	475	500	525	549.9	550	575	599.9	600	625	650	675	700	725	750	775	799.9	800	825	849.9	850	875	900	925	950	975	1000	1025	1049.9	1050	1075	1099.9	1100	1125	1150	1175	1200	1225	1250	1275	1299.9	1300	1325	1349.9	1350	1375	1400	1425	1450	1475	1500	1525	1549.9	1550	1575	1599.9	1600];
DOX1 = [1	1	1	1	1	1	0	0	0	0	0	0	0	0	1	1	1	0	0	0	0	0	0	0	0	0	1	1	1	0	0	0	0	0	0	0	0	0	1	1	1	0	0	0	0	0	0	0	0	0	1	1	1	0	0	0	0	0	0	0	0	0	1	1	1	0	0	0	0	0	0	0	0	0	1	1	1	0];

t4Dox = [0	25	50	50.1 60	75	100	125	150	175	200	225	250	275	300	325	349.9	350	375	399.9	400	425	450	475	500	525	550	575	600	625	650	675	699.9	700	725	749.9	750	775	800	825	850	875	900	925	950	975	1000	1025	1049.9	1050	1075	1099.9	1100	1125	1150	1175	1200	1225	1250	1275	1300	1325	1350	1375	1399.9	1400	1425	1449.9	1450	1475	1500	1525	1550	1575	1600	1625	1650	1675	1700];
DOX4 = [1	1	1	0	0	0	0	0	0	0	0	0	0	0	0	0	0	1	1	1	0	0	0	0	0	0	0	0	0	0	0	0	0	1	1	1	0	0	0	0	0	0	0	0	0	0	0	0	0	1	1	1	0	0	0	0	0	0	0	0	0	0	0	0	0	1	1	1	0	0	0	0	0	0	0	0	0	0	0];

t5Dox = [0	58	58.1	100	150	200	250	300	350	400	450	499.9	500	549.9	550	600	650	700	750	800	850	900	950	999.9	1000	1049.9	1050	1100	1150	1200	1250	1300	1350	1400	1450	1499.9	1500	1549.9	1550];
DOX5 = [1	1	0	0	0	0	0	0	0	0	0	0	1	1	0	0	0	0	0	0	0	0	0	0	1	1	0	0	0	0	0	0	0	0	0	0	1	1	0];
